13762
18694
23626
28558
33490
38422
43354
48286
53218
58150
63082
2478
7410
12342
17274
22206
27138
32070
37002
41934
46866
51798
56730
61662
1058
5990
10922
15854
20786
25718
30650
35582
40514
45446
50378
55310
60242
65174
4570
9502
14434
19366
24298
29230
34162
39094
44026
48958
53890
58822
63754
3150
8082
13014
17946
22878
27810
32742
37674
42606
47538
52470
57402
62334
1730
6662
11594
16526
21458
26390
31322
36254
41186
46118
51050
55982
60914
310
5242
10174
15106
20038
24970
29902
34834
39766
44698
49630
54562
59494
64426
3822
8754
13686
18618
23550
28482
33414
38346
43278
48210
53142
58074
63006
2402
7334
12266
17198
22130
27062
31994
36926
41858
46790
51722
56654
61586
982
5914
10846
15778
20710
25642
30574
35506
40438
45370
50302
55234
60166
65098
4494
9426
14358
19290
24222
29154
34086
39018
43950
48882
53814
58746
63678
3074
8006
12938
17870
22802
27734
32666
37598
42530
47462
52394
57326
62258
1654
6586
11518
16450
21382
26314
31246
36178
41110
46042
50974
55906
60838
234
5166
10098
15030
19962
24894
29826
34758
39690
44622
49554
54486
59418
64350
3746
8678
13610
18542
23474
28406
33338
38270
43202
48134
53066
57998
62930
2326
7258
12190
17122
22054
26986
31918
36850
41782
46714
51646
56578
61510
906
5838
10770
15702
20634
25566
30498
35430
40362
45294
50226
55158
60090
65022
4418
9350
14282
19214
24146
29078
34010
38942
43874
48806
53738
58670
63602
2998
7930
12862
17794
22726
27658
32590
37522
42454
47386
52318
57250
62182
1578
6510
11442
16374
21306
26238
31170
36102
41034
45966
50898
55830
60762
158
5090
10022
14954
19886
24818
29750
34682
39614
44546
49478
54410
59342
64274
3670
8602
13534
18466
23398
28330
33262
38194
43126
48058
52990
57922
62854
2250
7182
12114
17046
21978
26910
31842
36774
41706
46638
51570
56502
61434
830
5762
10694
15626
20558
25490
30422
35354
40286
45218
50150
55082
60014
64946
4342
9274
14206
19138
24070
29002
33934
38866
43798
48730
53662
58594
63526
2922
7854
12786
17718
22650
27582
32514
37446
42378
47310
52242
57174
62106
1502
6434
11366
16298
21230
26162
31094
36026
40958
45890
50822
55754
60686
82
5014
9946
14878
19810
24742
29674
34606
39538
44470
49402
54334
59266
64198
3594
8526
13458
18390
23322
28254
33186
38118
43050
47982
52914
57846
62778
2174
7106
12038
16970
21902
26834
31766
36698
41630
46562
51494
56426
61358
754
5686
10618
15550
20482
25414
30346
35278
40210
45142
50074
55006
59938
64870
4266
9198
14130
19062
23994
28926
33858
38790
43722
48654
53586
58518
63450
2846
7778
12710
17642
22574
27506
32438
37370
42302
47234
52166
57098
62030
1426
6358
11290
16222
21154
26086
31018
35950
40882
45814
50746
55678
60610
6
4938
9870
14802
19734
24666
29598
34530
39462
44394
49326
54258
59190
64122
3518
8450
13382
18314
23246
28178
33110
38042
42974
47906
52838
57770
62702
2098
7030
11962
16894
21826
26758
31690
36622
41554
46486
51418
56350
61282
678
5610
10542
15474
20406
25338
30270
35202
40134
45066
49998
54930
59862
64794
4190
9122
14054
18986
23918
28850
33782
38714
43646
48578
53510
58442
63374
2770
7702
12634
17566
22498
27430
32362
37294
42226
47158
52090
57022
61954
1350
6282
11214
16146
21078
26010
30942
35874
40806
45738
50670
55602
60534
65466
4862
9794
14726
19658
24590
29522
34454
39386
44318
49250
54182
59114
64046
3442
8374
13306
18238
23170
28102
33034
37966
42898
47830
52762
57694
62626
2022
6954
11886
16818
21750
26682
31614
36546
41478
46410
51342
56274
61206
602
5534
10466
15398
20330
25262
30194
35126
40058
44990
49922
54854
59786
64718
4114
9046
13978
18910
23842
28774
33706
38638
43570
48502
53434
58366
63298
2694
7626
12558
17490
22422
27354
32286
37218
42150
47082
52014
56946
61878
1274
